0000
0001
0002
0003
0004
0005
0006
0007
0008
0009
0010
0011
0012
0013
0014
0015
0016
0017
0018
0019
0020
0021
0022
0023
0024
0025
0026
0027
0028
0029
0030
0031
0032
0033
0034
0035
0036
0037
0038
0039
0040
0041
0042
0043
0044
0045
0046
0047
0048
0049
0050
0051
0052
0053
0054
0055
0056
0057
0058
0059
0060
0061
0062
0063
0064
0065
0066
0067
0068
0069
0070
0071
0072
0073
0074
0075
0076
0077
0078
0079
0080
0081
0082
0083
0085
0088
0089
0091
0092
0096
0099
0100
0101
0102
0103
0104
0105
0106
0107
0108
0109
0110
0111
0112
0113
0114
0115
0116
0117
0118
0119
0120
0121
0122
0123
0124
0125
0126
0127
0128
0129
0130
0131
0132
0133
0134
0135
0136
0137
0138
0139
0140
0141
0142
0143
0144
0145
0146
0147
0148
0149
0150
0151
0152
0153
0154
0155
0156
0157
0158
0159
0160
0161
0162
0163
0164
0165
0166
0167
0168
0169
0170
0171
0172
0173
0174
0175
0176
0177
0178
0179
0180
0181
0182
0183
0184
0185
0186
0187
0188
0189
0190
0191
0192
0193
0194
0195
0196
0197
0198
0199
0200
0201
0202
0203
0204
0205
0206
0207
0208
0209
0210
0211
0212
0213
0214
0215
0216
0217
0218
0219
0220
0221
0231
0237
0244
0246
0250
0251
0252
0253
0254
0255
0256
0257
0258
0259
0260
0261
0263
0264
0265
0266
0267
0268
0269
0270
0271
0272
0273
0275
0277
0278
0279
0281
0282
0283
0284
0285
0286
0287
0288
0289
0290
0291
0292
0293
0294
0295
0296
0297
0298
0299
0300
0301
0302
0303
0304
0305
0306
0307
0308
0309
0310
0311
0312
0313
0314
0315
0316
0317
0318
0319
0320
0321
0322
0323
0324
0325
0327
0328
0329
0330
0331
0332
0333
0334
0335
0336
0337
0338
0339
0340
0341
0342
0343
0344
0345
0346
0349
0354
0356
0360
0361
0363
0367
0370
0374
0375
0376
0377
0384
0385
0386
0387
0388
0389
0390
0391
0392
0393
0394
0395
0396
0397
0398
0399
0400
0401
0402
0403
0404
0405
0406
0407
0408
0409
0410
0411
0412
0413
0414
0415
0416
0417
0418
0419
0420
0421
0422
0423
0424
0425
0426
0427
0428
0429
0430
0431
0432
0433
0434
0435
0436
0437
0438
0439
0440
0441
0442
0443
0444
0445
0446
0447
0448
0449
0451
0452
0453
0454
0455
0456
0457
0458
0459
0460
0461
0462
0463
0464
0465
0466
0467
0468
0469
0470
0471
0472
0473
0474
0475
0476
0477
0478
0479
0480
0481
0482
0483
0484
0485
0486
0487
0490
0491
0492
0493
0494
0495
0496
0497
0498
0499
0500
0502
0506
0521
0522
0527
0529
0530
0531
0532
0533
0534
0535
0536
0537
0538
0539
0540
0541
0542
0543
0544
0545
0546
0547
0548
0549
0550
0551
0552
0553
0554
0555
0556
0557
0558
0559
0560
0561
0562
0563
0564
0565
0566
0567
0568
0569
0570
0571
0572
0573
0574
0575
0576
0577
0578
0579
0580
0581
0582
0583
0584
0585
0586
0587
0588
0589
0590
0591
0592
0593
0594
0595
0596
0597
0598
0599
0600
0601
0605
0606
0607
0608
0610
0614
0616
0620
0621
0622
0623
0624
0625
0626
0627
0628
0629
0630
0631
0632
0633
0634
0635
0636
0637
0638
0639
0640
0641
0642
0643
0644
0645
0646
0647
0648
0649
0650
0651
0652
0654
0657
0660
0661
0662
0663
0664
0665
0666
0667
0668
0669
0670
0671
0674
0675
0676
0677
0678
0679
0680
0683
0684
0685
0686
0687
0688
0691
0692
0698
0700
0704
0708
0709
0710
0711
0712
0717
0718
0720
0722
0723
0730
0733
0750
0752
0759
0769
0770
0771
0777
0778
0780
0781
0783
0784
0786
0789
0790
0795
0800
0801
0804
0808
0814
0815
0816
0817
0819
0823
0824
0825
0827
0828
0829
0830
0832
0833
0835
0839
0840
0842
0848
0849
0854
0858
0859
0860
0870
0872
0874
0875
0884
0887
0888
0889
0894
0895
0897
0900
0901
0902
0903
0904
0905
0906
0907
0908
0909
0910
0911
0912
0913
0914
0915
0916
0917
0918
0919
0920
0921
0922
0923
0924
0925
0926
0927
0928
0929
0930
0931
0932
0933
0934
0935
0936
0937
0938
0939
0940
0941
0942
0943
0944
0945
0946
0947
0948
0949
0950
0951
0952
0953
0954
0955
0957
0958
0959
0960
0961
0962
0963
0964
0965
0966
0967
0968
0969
0970
0971
0976
0980
0981
0982
0983
0985
0986
0987
0988
0989
0990
0991
0993
0994
0995
0996
0997
0998
0999
1000
1001
1002
1003
1004
1005
1006
1007
1008
1009
1010
1011
1012
1013
1014
1015
1016
1017
1018
1019
1020
1021
1022
1023
1024
1025
1026
1027
1028
1030
1031
1032
1033
1034
1035
1036
1037
1038
1039
1040
1042
1044
1045
1046
1047
1048
1049
1050
1051
1052
1053
1054
1055
1056
1057
1058
1059
1060
1061
1062
1064
1065
1066
1067
1068
1069
1070
1071
1072
1073
1074
1075
1076
1077
1078
1079
1080
1081
1082
1083
1084
1085
1086
1088
1089
1090
1091
1092
1093
1094
1095
1098
1099
1100
1101
1102
1103
1104
1105
1106
1107
1108
1109
1110
1111
1112
1114
1115
1116
1117
1118
1119
1120
1121
1122
1123
1124
1126
1127
1128
1129
1130
1131
1132
1133
1135
1136
1138
1140
1141
1142
1143
1146
1147
1148
1150
1151
1152
1153
1155
1156
1157
1158
1159
1160
1161
1162
1163
1164
1165
1166
1167
1168
1169
1170
1171
1172
1173
1174
1175
1176
1177
1178
1179
1180
1181
1182
1184
1185
1188
1191
1192
1194
1195
1198
1199
1200
1201
1202
1205
1209
1210
1212
1213
1214
1216
1218
1221
1222
1224
1225
1226
1227
1228
1229
1230
1232
1234
1236
1237
1240
1242
1243
1244
1248
1250
1251
1252
1253
1254
1255
1256
1257
1258
1260
1261
1262
1264
1270
1271
1272
1274
1275
1276
1277
1278
1279
1280
1282
1283
1286
1287
1288
1289
1290
1291
1292
1299
1300
1301
1302
1303
1304
1305
1306
1308
1309
1310
1311
1312
1313
1314
1315
1316
1318
1320
1321
1322
1323
1325
1328
1329
1330
1331
1333
1334
1335
1336
1338
1339
1340
1341
1342
1343
1344
1345
1346
1347
1348
1350
1353
1354
1357
1359
1360
1361
1362
1363
1367
1368
1369
1370
1371
1372
1373
1374
1375
1377
1378
1379
1380
1383
1386
1387
1388
1390
1391
1393
1394
1397
1400
1401
1402
1403
1405
1406
1407
1408
1409
1410
1411
1412
1413
1414
1415
1416
1417
1418
1419
1422
1423
1426
1428
1429
1430
1431
1432
1433
1434
1436
1439
1440
1443
1444
1445
1446
1448
1449
1451
1453
1455
1456
1457
1462
1463
1464
1468
1469
1470
1472
1473
1474
1475
1480
1482
1483
1484
1485
1486
1489
1490
1491
1492
1493
1495
1499
1500
1501
1502
1503
1504
1505
1506
1507
1510
1511
1513
1516
1518
1523
1524
1526
1528
1530
1533
1535
1536
1537
1538
1539
1542
1543
1544
1549
1551
1552
1553
1554
1555
1556
1559
1560
1563
1565
1566
1567
1569
1572
1573
1576
1579
1580
1582
1583
1589
1591
1592
1593
1594
1598
1599
1600
1601
1602
1603
1604
1605
1608
1613
1614
1616
1617
1618
1619
1620
1623
1624
1628
1630
1632
1633
1635
1638
1639
1642
1643
1644
1645
1647
1650
1651
1652
1653
1654
1655
1656
1657
1658
1660
1662
1663
1664
1666
1670
1671
1672
1673
1677
1678
1679
1680
1681
1682
1683
1684
1685
1688
1689
1690
1691
1692
1694
1695
1696
1697
1698
1700
1702
1703
1706
1707
1710
1711
1712
1714
1715
1716
1717
1718
1719
1720
1722
1723
1726
1728
1731
1732
1734
1735
1739
1740
1741
1744
1746
1751
1752
1753
1755
1757
1760
1762
1763
1764
1770
1771
1772
1773
1774
1775
1776
1778
1780
1781
1782
1783
1784
1786
1791
1792
1793
1794
1796
1797
1798
1799
1800
1801
1803
1804
1805
1808
1809
1810
1812
1814
1815
1816
1818
1819
1820
1823
1824
1825
1826
1831
1835
1837
1838
1839
1840
1843
1845
1846
1847
1849
1853
1854
1855
1856
1857
1859
1860
1862
1863
1865
1866
1869
1870
1871
1873
1875
1877
1878
1879
1880
1881
1882
1884
1885
1886
1887
1888
1889
1890
1891
1892
1893
1894
1896
1897
1898
1900
1901
1902
1903
1904
1905
1907
1909
1910
1916
1918
1919
1920
1921
1923
1925
1926
1930
1933
1934
1939
1940
1942
1944
1946
1948
1949
1950
1951
1953
1955
1958
1959
1960
1962
1965
1968
1969
1970
1974
1975
1977
1980
1981
1983
1984
1985
1986
1987
1988
1989
1990
1991
1992
1996
1998
1999
2000
2001
2002
2003
2004
2005
2006
2007
2008
2009
2010
2011
2012
2013
2014
2015
2016
2017
2018
2019
2020
2021
2022
2023
2024
2025
2026
2028
2029
2030
2032
2033
2034
2035
2036
2037
2039
2040
2042
2043
2044
2045
2046
2047
2048
2049
2051
2053
2054
2055
2056
2057
2059
2061
2063
2064
2065
2066
2068
2069
2070
2071
2073
2074
2075
2076
2077
2078
2079
2080
2081
2082
2083
2084
2085
2086
2087
2088
2089
2090
2094
2096
2097
2100
2101
2102
2103
2105
2106
2107
2108
2109
2110
2111
2112
2113
2115
2116
2117
2118
2119
2121
2122
2123
2124
2126
2127
2128
2129
2130
2132
2133
2134
2135
2136
2137
2138
2139
2140
2141
2142
2144
2145
2146
2147
2148
2149
2150
2151
2153
2154
2155
2156
2157
2160
2161
2162
2163
2164
2165
2166
2167
2168
2169
2170
2171
2172
2173
2174
2175
2176
2177
2178
2179
2180
2181
2183
2185
2188
2189
2190
2191
2192
2193
2194
2195
2196
2197
2198
2199
2200
2201
2202
2203
2204
2205
2206
2207
2208
2209
2210
2211
2212
2213
2214
2215
2216
2217
2219
2220
2222
2223
2225
2226
2227
2228
2229
2230
2231
2232
2233
2234
2235
2236
2237
2240
2243
2244
2245
2246
2248
2250
2251
2252
2253
2254
2258
2260
2261
2262
2264
2265
2266
2267
2268
2269
2270
2271
2272
2273
2274
2275
2276
2277
2278
2279
2280
2281
2282
2283
2284
2285
2286
2287
2288
2290
2292
2293
2294
2295
2296
2297
2299
2300
2301
2302
2303
2304
2305
2307
2308
2309
2310
2311
2312
2313
2315
2317
2318
2319
2320
2321
2322
2324
2325
2326
2327
2329
2331
2333
2334
2340
2341
2342
2343
2345
2346
2350
2352
2353
2354
2357
2358
2361
2363
2366
2368
2370
2373
2375
2376
2378
2379
2386
2388
2393
2394
2395
2396
2397
2399
2400
2401
2402
2403
2404
2405
2406
2407
2411
2413
2414
2415
2416
2418
2419
2420
2421
2422
2423
2424
2425
2426
2427
2428
2429
2430
2431
2432
2433
2436
2437
2440
2441
2442
2443
2448
2451
2454
2455
2457
2460
2461
2462
2463
2464
2465
2466
2467
2468
2469
2470
2471
2472
2473
2474
2475
2476
2477
2478
2479
2480
2481
2482
2483
2484
2485
2486
2487
2488
2489
2490
2491
2492
2493
2494
2495
2496
2497
2498
2499
2500
2501
2502
2505
2506
2509
2510
2512
2514
2516
2517
2518
2519
2521
2524
2529
2534
2537
2539
2541
2542
2544
2546
2547
2548
2549
2550
2551
2552
2553
2554
2555
2556
2557
2558
2559
2560
2561
2562
2563
2564
2565
2566
2567
2568
2569
2572
2573
2574
2575
2576
2578
2579
2580
2584
2585
2587
2588
2590
2591
2592
2593
2594
2597
2600
2601
2602
2604
2605
2606
2607
2610
2614
2615
2616
2618
2619
2620
2621
2623
2627
2628
2631
2633
2634
2635
2636
2637
2639
2640
2641
2642
2644
2646
2647
2648
2649
2650
2653
2655
2659
2660
2661
2662
2663
2664
2665
2666
2667
2668
2669
2670
2671
2674
2676
2678
2679
2680
2681
2682
2683
2684
2689
2691
2692
2695
2696
2700
2701
2702
2703
2704
2705
2706
2707
2708
2709
2710
2711
2712
2713
2714
2715
2716
2717
2718
2719
2720
2721
2722
2723
2724
2725
2726
2727
2728
2729
2730
2731
2732
2733
2734
2735
2736
2737
2738
2739
2740
2741
2742
2743
2744
2745
2746
2747
2748
2749
2750
2751
2752
2754
2756
2757
2758
2759
2760
2761
2762
2763
2764
2765
2766
2767
2768
2769
2770
2771
2772
2773
2774
2775
2776
2777
2778
2779
2780
2781
2782
2783
2784
2785
2786
2787
2788
2789
2790
2791
2792
2793
2794
2795
2798
2799
2800
2801
2802
2803
2804
2806
2807
2809
2810
2812
2813
2814
2816
2819
2821
2822
2824
2826
2828
2829
2830
2831
2832
2838
2840
2841
2842
2843
2844
2845
2846
2847
2851
2852
2853
2854
2855
2856
2857
2858
2860
2862
2863
2864
2865
2866
2871
2873
2874
2879
2881
2882
2884
2886
2887
2892
2893
2894
2895
2896
2897
2898
2899
2900
2902
2903
2906
2907
2908
2909
2910
2911
2912
2913
2914
2915
2916
2917
2918
2919
2920
2921
2922
2924
2925
2926
2928
2929
2930
2931
2932
2933
2934
2936
2937
2938
2940
2941
2942
2943
2944
2945
2946
2948
2949
2950
2951
2952
2953
2954
2955
2956
2958
2959
2960
2962
2963
2964
2966
2967
2968
2970
2971
2972
2974
2975
2976
2977
2978
2979
2980
2981
2982
2983
2984
2986
2987
2988
2990
2991
2993
2994
2995
2997
2999
3000
3001
3002
3003
3004
3005
3006
3007
3008
3009
3010
3011
3012
3013
3014
3015
3016
3017
3018
3019
3020
3021
3022
3023
3024
3025
3026
3027
3028
3029
3030
3031
3032
3033
3034
3035
3036
3037
3038
3039
3040
3041
3042
3043
3044
3045
3046
3047
3048
3049
3050
3051
3052
3053
3054
3055
3056
3057
3058
3059
3060
3061
3062
3063
3064
3065
3066
3067
3068
3069
3070
3071
3072
3073
3074
3075
3076
3077
3078
3079
3080
3081
3082
3083
3084
3085
3086
3087
3088
3089
3090
3091
3092
3093
3094
3095
3096
3098
3099
3100
3101
3103
3104
3105
3106
3107
3108
3109
3110
3111
3112
3113
3114
3115
3116
3117
3118
3119
3120
3121
3122
3123
3124
3125
3126
3127
3128
3129
3130
3131
3132
3133
3134
3135
3136
3137
3138
3139
3140
3141
3142
3143
3144
3145
3146
3147
3148
3149
3150
3151
3152
3153
3154
3155
3156
3157
3158
3159
3160
3161
3162
3163
3164
3165
3166
3167
3168
3169
3170
3171
3172
3173
3174
3175
3176
3177
3178
3179
3180
3181
3182
3183
3184
3185
3186
3187
3188
3189
3191
3197
3198
3200
3201
3202
3203
3204
3205
3206
3207
3208
3209
3210
3211
3212
3213
3214
3215
3216
3217
3218
3219
3220
3221
3222
3223
3224
3225
3226
3227
3228
3229
3230
3231
3232
3233
3234
3235
3236
3237
3238
3239
3240
3241
3242
3243
3248
3249
3251
3252
3253
3257
3258
3259
3260
3261
3262
3263
3264
3265
3266
3267
3268
3269
3270
3271
3272
3273
3274
3275
3276
3277
3278
3279
3280
3281
3282
3283
3284
3285
3286
3288
3290
3292
3293
3294
3295
3296
3297
3298
3299
3300
3302
3303
3305
3307
3309
3313
3314
3315
3316
3318
3320
3322
3323
3325
3326
3327
3330
3331
3332
3333
3336
3337
3339
3342
3343
3346
3347
3348
3349
3350
3351
3352
3353
3355
3357
3358
3359
3360
3361
3362
3363
3364
3365
3366
3367
3368
3369
3370
3372
3375
3376
3377
3378
3379
3380
3381
3382
3383
3384
3385
3386
3387
3388
3389
3390
3391
3392
3393
3394
3395
3396
3397
3398
3399
3400
3401
3402
3405
3406
3407
3408
3409
3410
3414
3416
3417
3418
3420
3421
3424
3426
3427
3429
3434
3437
3441
3445
3446
3447
3450
3452
3455
3457
3459
3460
3466
3469
3472
3473
3476
3478
3480
3482
3484
3486
3487
3489
3490
3491
3492
3495
3496
3500
3501
3502
3503
3505
3507
3509
3514
3516
3519
3520
3524
3525
3529
3530
3532
3533
3535
3537
3538
3541
3542
3544
3545
3548
3549
3550
3551
3552
3554
3557
3558
3567
3568
3570
3571
3573
3575
3576
3578
3579
3582
3584
3585
3586
3587
3588
3589
3590
3591
3595
3599
3600
3602
3605
3608
3609
3613
3614
3616
3617
3619
3620
3622
3628
3630
3631
3633
3644
3646
3647
3649
3652
3654
3655
3657
3658
3659
3660
3661
3667
3668
3670
3671
3672
3674
3676
3679
3681
3683
3685
3687
3688
3691
3695
3696
3698
3700
3702
3703
3704
3706
3707
3709
3711
3713
3715
3720
3721
3722
3725
3726
3727
3730
3731
3734
3735
3736
3737
3738
3743
3744
3745
3746
3747
3748
3749
3754
3760
3762
3763
3767
3774
3777
3780
3784
3785
3787
3788
3789
3790
3792
3793
3797
3800
3801
3802
3806
3809
3810
3811
3812
3813
3814
3815
3816
3817
3818
3819
3820
3821
3824
3825
3826
3827
3828
3831
3837
3839
3840
3845
3846
3847
3848
3849
3852
3853
3856
3860
3862
3865
3868
3873
3875
3876
3877
3878
3879
3880
3881
3883
3885
3886
3888
3890
3891
3892
3893
3894
3895
3898
3899
3900
3902
3903
3905
3907
3910
3911
3914
3916
3920
3921
3924
3925
3927
3928
3931
3932
3934
3935
3937
3939
3940
3941
3943
3944
3947
3949
3953
3956
3958
3964
3965
3968
3972
3974
3975
3977
3978
3980
3981
3985
3986
3987
3988
3991
3993
3994
3995
3996
3997
4000
4001
4002
4003
4004
4005
4006
4007
4008
4009
4010
4011
4012
4013
4014
4015
4016
4017
4018
4019
4020
4021
4022
4023
4024
4025
4026
4027
4028
4029
4030
4031
4032
4033
4034
4035
4036
4037
4039
4040
4041
4042
4043
4044
4045
4046
4047
4048
4049
4050
4051
4052
4053
4054
4055
4056
4057
4058
4059
4060
4061
4062
4063
4064
4065
4066
4067
4068
4069
4070
4071
4072
4073
4074
4075
4076
4077
4078
4079
4080
4081
4082
4083
4084
4085
4087
4088
4090
4091
4092
4093
4094
4095
4096
4097
4098
4099
4100
4101
4102
4103
4104
4105
4106
4107
4108
4109
4110
4111
4112
4113
4114
4115
4116
4117
4118
4119
4120
4121
4122
4123
4124
4125
4126
4127
4128
4129
4130
4131
4132
4133
4134
4135
4136
4137
4138
4140
4142
4143
4144
4145
4146
4147
4148
4149
4150
4151
4152
4153
4154
4155
4157
4159
4160
4165
4166
4167
4169
4170
4173
4174
4175
4176
4177
4178
4180
4181
4182
4183
4184
4185
4189
4190
4191
4192
4193
4194
4195
4196
4199
4200
4201
4202
4203
4204
4205
4206
4207
4212
4214
4215
4218
4219
4221
4224
4225
4226
4227
4228
4229
4230
4232
4234
4236
4238
4240
4241
4242
4243
4244
4247
4250
4251
4252
4253
4257
4260
4261
4262
4263
4266
4268
4269
4270
4271
4272
4273
4278
4280
4282
4285
4287
4288
4290
4291
4294
4299
4300
4301
4302
4303
4304
4305
4306
4307
4308
4309
4310
4311
4312
4313
4314
4315
4316
4317
4318
4319
4320
4321
4322
4323
4324
4327
4328
4329
4330
4333
4336
4337
4338
4340
4341
4342
4343
4345
4347
4348
4350
4351
4352
4353
4357
4360
4362
4364
4368
4370
4371
4375
4376
4378
4381
4382
4383
4387
4388
4390
4392
4393
4394
4395
4396
4397
4399
4400
4401
4402
4403
4404
4406
4409
4410
4411
4412
4413
4414
4415
4418
4419
4421
4422
4423
4424
4430
4432
4433
4434
4435
4436
4437
4439
4440
4443
4444
4449
4450
4451
4454
4455
4457
4462
4465
4466
4468
4473
4474
4476
4477
4478
4480
4481
4482
4483
4485
4487
4488
4491
4492
4494
4500
4501
4502
4503
4505
4506
4509
4510
4511
4512
4513
4514
4515
4516
4517
4518
4519
4520
4521
4522
4523
4524
4525
4526
4528
4530
4531
4532
4535
4540
4541
4543
4544
4545
4546
4549
4550
4551
4552
4553
4554
4555
4556
4559
4560
4561
4567
4569
4570
4571
4572
4573
4574
4576
4578
4579
4580
4584
4585
4588
4590
4591
4592
4593
4594
4595
4596
4597
4598
4599
4600
4601
4602
4603
4604
4605
4606
4608
4609
4610
4613
4614
4618
4620
4621
4625
4626
4627
4630
4633
4634
4636
4638
4639
4640
4642
4643
4644
4645
4647
4648
4649
4650
4652
4653
4654
4655
4660
4662
4664
4665
4666
4668
4670
4672
4675
4676
4677
4678
4680
4682
4683
4684
4685
4689
4690
4691
4696
4697
4698
4699
4700
4701
4702
4703
4704
4705
4706
4707
4708
4709
4710
4711
4712
4713
4714
4715
4716
4717
4718
4719
4720
4721
4722
4723
4724
4725
4726
4727
4728
4729
4730
4731
4732
4733
4735
4736
4737
4738
4739
4740
4741
4742
4743
4744
4745
4746
4747
4748
4749
4750
4751
4752
4753
4754
4755
4756
4757
4758
4759
4760
4761
4762
4763
4764
4765
4766
4767
4768
4769
4770
4771
4772
4773
4774
4775
4776
4777
4778
4779
4780
4781
4782
4783
4784
4785
4786
4788
4789
4790
4791
4792
4793
4796
4797
4798
4799
4800
4801
4802
4803
4804
4805
4806
4807
4808
4809
4810
4811
4812
4813
4814
4815
4816
4817
4818
4819
4820
4821
4822
4823
4824
4825
4826
4827
4828
4829
4830
4831
4832
4833
4834
4835
4836
4837
4838
4839
4840
4841
4842
4843
4845
4846
4847
4848
4849
4850
4851
4852
4853
4854
4855
4856
4857
4858
4859
4860
4861
4862
4863
4864
4865
4866
4867
4868
4869
4870
4871
4872
4873
4874
4875
4876
4877
4878
4879
4880
4881
4882
4883
4884
4885
4886
4887
4888
4889
4890
4891
4892
4893
4894
4895
4896
4897
4898
4899
4900
4901
4902
4903
4904
4905
4906
4907
4908
4909
4910
4911
4912
4913
4914
4915
4916
4917
4918
4919
4920
4921
4922
4923
4924
4925
4926
4927
4928
4929
4930
4931
4933
4936
4938
4939
4940
4942
4943
4944
4946
4947
4950
4951
4952
4953
4954
4955
4956
4957
4958
4959
4960
4961
4962
4963
4964
4965
4966
4967
4968
4969
4970
4971
4972
4973
4974
4975
4976
4977
4978
4979
4980
4981
4982
4983
4985
4986
4987
4988
4990
4991
4992
4993
4994
4995
4998
4999
5000
5001
5002
5003
5004
5005
5006
5007
5008
5009
5010
5011
5012
5013
5014
5015
5016
5020
5021
5022
5024
5025
5026
5028
5029
5030
5031
5032
5033
5034
5035
5039
5040
5041
5042
5043
5044
5045
5047
5050
5051
5052
5053
5054
5055
5056
5057
5058
5059
5060
5061
5062
5063
5064
5065
5066
5067
5068
5069
5070
5071
5072
5073
5074
5075
5076
5077
5078
5079
5080
5081
5082
5083
5084
5085
5086
5087
5088
5089
5090
5091
5092
5093
5094
5095
5096
5097
5098
5099
5100
5101
5102
5103
5104
5105
5106
5107
5108
5109
5110
5111
5112
5113
5114
5115
5116
5117
5118
5119
5120
5121
5122
5123
5124
5125
5126
5127
5129
5130
5133
5134
5136
5137
5138
5140
5141
5142
5144
5145
5146
5147
5148
5149
5150
5151
5152
5153
5154
5155
5156
5157
5158
5159
5160
5161
5162
5163
5164
5165
5166
5167
5168
5169
5170
5171
5172
5173
5174
5175
5176
5177
5178
5179
5180
5181
5182
5183
5184
5185
5186
5187
5188
5189
5190
5191
5192
5193
5194
5195
5196
5197
5198
5199
5200
5201
5202
5203
5204
5205
5209
5210
5212
5216
5217
5218
5220
5221
5222
5224
5227
5228
5230
5235
5240
5241
5242
5243
5244
5247
5250
5252
5253
5255
5256
5257
5258
5260
5264
5265
5266
5268
5270
5271
5275
5280
5281
5284
5285
5288
5289
5290
5292
5293
5294
5295
5297
5298
5299
5300
5301
5303
5304
5305
5307
5308
5310
5312
5314
5315
5319
5320
5322
5326
5327
5328
5329
5330
5331
5332
5335
5337
5338
5339
5340
5341
5342
5344
5345
5346
5349
5350
5351
5352
5353
5354
5355
5356
5357
5358
5359
5360
5361
5362
5363
5364
5365
5366
5367
5368
5369
5370
5371
5372
5373
5374
5375
5378
5379
5380
5381
5382
5384
5385
5386
5387
5388
5389
5390
5391
5394
5395
5400
5401
5403
5404
5406
5407
5408
5410
5411
5412
5413
5414
5422
5423
5427
5432
5433
5436
5441
5442
5443
5447
5449
5450
5452
5454
5455
5456
5457
5458
5459
5464
5465
5469
5474
5476
5477
5479
5480
5481
5482
5483
5484
5487
5488
5489
5490
5491
5496
5497
5498
5500
5503
5504
5507
5509
5510
5517
5520
5522
5523
5526
5529
5530
5531
5535
5536
5537
5540
5541
5545
5547
5549
5550
5551
5552
5554
5555
5556
5557
5558
5559
5560
5562
5563
5564
5565
5566
5568
5569
5570
5571
5572
5575
5577
5579
5582
5584
5586
5593
5597
5600
5601
5602
5603
5604
5605
5606
5608
5613
5615
5616
5617
5620
5622
5624
5625
5629
5631
5632
5633
5635
5636
5637
5638
5642
5643
5644
5645
5652
5653
5654
5657
5661
5662
5664
5665
5667
5669
5670
5671
5673
5675
5677
5678
5679
5682
5684
5686
5687
5692
5695
5697
5698
5699
5700
5703
5705
5707
5712
5714
5716
5720
5722
5723
5726
5728
5731
5733
5734
5735
5736
5737
5738
5739
5740
5741
5742
5743
5744
5745
5747
5748
5750
5751
5752
5753
5755
5758
5760
5761
5762
5763
5764
5765
5766
5767
5768
5769
5770
5771
5772
5773
5776
5777
5778
5779
5780
5782
5783
5784
5785
5792
5793
5794
5795
5796
5797
5798
5802
5803
5804
5807
5810
5812
5814
5816
5817
5820
5821
5822
5824
5825
5826
5829
5832
5833
5834
5838
5841
5842
5843
5847
5850
5852
5853
5854
5855
5856
5857
5858
5860
5861
5862
5866
5868
5869
5874
5876
5879
5881
5882
5883
5885
5886
5887
5889
5893
5894
5895
5897
5898
5899
5902
5905
5908
5915
5917
5918
5919
5921
5922
5923
5927
5929
5931
5934
5935
5939
5940
5943
5944
5945
5946
5949
5951
5952
5953
5955
5959
5969
5973
5978
5979
5980
5982
5983
5984
5985
5986
5987
5991
5992
5994
5996
5997
5999
6000
6001
6004
6007
6008
6009
6010
6011
6014
6016
6019
6023
6031
6034
6035
6036
6038
6039
6040
6041
6046
6048
6049
6050
6051
6052
6053
6057
6059
6060
6061
6062
6063
6064
6065
6066
6067
6068
6069
6070
6074
6077
6078
6079
6082
6083
6084
6087
6089
6094
6095
6096
6097
6100
6103
6108
6111
6112
6113
6118
6119
6121
6123
6124
6125
6127
6128
6130
6132
6135
6139
6140
6142
6144
6148
6150
6151
6152
6155
6156
6157
6160
6161
6163
6166
6167
6168
6170
6171
6175
6176
6179
6182
6183
6184
6186
6187
6188
6190
6191
6193
6194
6196
6197
6198
6202
6205
6206
6208
6209
6210
6212
6214
6215
6217
6219
6220
6221
6223
6224
6226
6227
6231
6236
6240
6241
6242
6243
6248
6250
6251
6253
6254
6256
6257
6261
6262
6264
6265
6266
6269
6270
6271
6274
6278
6279
6281
6283
6288
6289
6291
6292
6300
6302
6304
6305
6306
6307
6308
6309
6312
6313
6316
6319
6323
6324
6325
6326
6328
6331
6332
6335
6337
6338
6339
6340
6341
6343
6347
6348
6349
6351
6353
6359
6360
6363
6365
6369
6372
6373
6374
6376
6379
6385
6386
6392
6393
6394
6395
6396
6400
6403
6406
6409
6412
6413
6419
6423
6424
6425
6426
6427
6428
6429
6430
6432
6433
6434
6435
6436
6437
6438
6439
6440
6441
6442
6445
6446
6448
6449
6450
6451
6452
6453
6455
6456
6457
6458
6459
6466
6470
6471
6472
6475
6476
6477
6478
6479
6480
6481
6482
6483
6484
6485
6486
6487
6488
6489
6490
6491
6492
6493
6494
6495
6496
6497
6498
6499
6500
6501
6502
6503
6504
6505
6506
6507
6508
6509
6510
6511
6512
6514
6515
6517
6523
6525
6527
6528
6533
6534
6535
6538
6540
6541
6544
6546
6547
6552
6553
6556
6557
6559
6560
6561
6562
6566
6570
6571
6573
6576
6580
6583
6584
6587
6588
6590
6591
6593
6594
6597
6600
6601
6604
6609
6611
6612
6615
6619
6622
6623
6624
6626
6627
6628
6630
6632
6633
6635
6636
6637
6638
6639
6642
6645
6646
6648
6649
6650
6651
6655
6657
6660
6661
6663
6665
6666
6667
6668
6669
6670
6673
6674
6677
6679
6680
6681
6685
6686
6688
6691
6694
6697
6699
6705
6708
6709
6710
6717
6718
6719
6721
6723
6728
6729
6730
6731
6733
6734
6738
6743
6746
6747
6748
6750
6751
6752
6757
6766
6767
6769
6770
6771
6773
6775
6776
6782
6783
6788
6791
6794
6800
6801
6803
6804
6805
6806
6807
6808
6811
6812
6814
6816
6820
6822
6823
6826
6829
6830
6832
6834
6835
6839
6840
6841
6842
6847
6849
6850
6851
6857
6858
6862
6863
6866
6867
6870
6873
6874
6879
6885
6886
6887
6889
6890
6891
6893
6894
6895
6896
6903
6908
6911
6912
6913
6914
6915
6919
6923
6924
6926
6928
6931
6933
6935
6939
6941
6946
6947
6948
6949
6950
6953
6955
6956
6957
6958
6961
6962
6963
6967
6968
6969
6974
6976
6977
6981
6982
6983
6984
6987
6988
6989
6990
6995
6996
6997
6998
6999
7000
7001
7004
7007
7010
7011
7012
7013
7015
7016
7018
7020
7024
7032
7036
7037
7039
7040
7041
7043
7045
7048
7049
7052
7053
7056
7058
7059
7060
7064
7066
7067
7070
7071
7072
7073
7074
7075
7077
7078
7080
7082
7083
7086
7088
7091
7093
7094
7095
7097
7098
7101
7102
7103
7104
7105
7109
7111
7113
7114
7115
7117
7123
7124
7130
7131
7132
7135
7136
7137
7138
7141
7142
7144
7146
7147
7149
7152
7153
7154
7156
7157
7158
7160
7164
7165
7166
7171
7172
7174
7177
7179
7180
7186
7187
7188
7190
7191
7192
7193
7195
7196
7197
7198
7199
7200
7204
7205
7206
7209
7213
7215
7216
7217
7218
7219
7220
7221
7224
7225
7226
7229
7231
7232
7234
7235
7236
7237
7243
7246
7247
7249
7253
7254
7255
7258
7259
7261
7262
7265
7266
7270
7271
7272
7273
7275
7277
7279
7280
7282
7284
7287
7290
7291
7294
7295
7296
7298
7300
7301
7304
7306
7307
7310
7315
7317
7319
7320
7321
7323
7324
7327
7329
7330
7333
7335
7340
7347
7349
7351
7352
7353
7354
7356
7361
7366
7369
7371
7372
7373
7376
7379
7381
7382
7383
7384
7386
7387
7389
7394
7395
7396
7399
7403
7406
7408
7409
7410
7411
7416
7418
7424
7425
7430
7436
7437
7439
7445
7450
7451
7452
7453
7454
7455
7456
7457
7458
7459
7460
7462
7463
7464
7465
7466
7467
7468
7470
7471
7472
7474
7475
7476
7477
7478
7479
7480
7481
7482
7483
7484
7486
7487
7488
7490
7491
7492
7493
7494
7495
7496
7497
7498
7499
7500
7501
7502
7503
7504
7505
7506
7507
7508
7509
7510
7512
7513
7514
7516
7517
7518
7520
7521
7522
7524
7525
7526
7527
7528
7529
7530
7532
7533
7534
7537
7538
7540
7544
7546
7548
7549
7557
7560
7563
7565
7570
7575
7577
7578
7581
7585
7587
7590
7591
7592
7593
7594
7595
7598
7599
7600
7601
7602
7603
7604
7606
7607
7610
7611
7613
7614
7615
7618
7619
7622
7623
7624
7625
7633
7634
7635
7638
7639
7640
7641
7647
7649
7652
7653
7654
7664
7665
7667
7668
7670
7671
7675
7676
7679
7681
7682
7683
7684
7687
7690
7691
7693
7696
7702
7704
7709
7715
7718
7719
7720
7723
7724
7728
7729
7734
7735
7736
7737
7738
7745
7746
7748
7750
7759
7760
7762
7763
7764
7765
7768
7770
7771
7774
7776
7777
7779
7784
7785
7794
7795
7801
7802
7803
7804
7805
7810
7813
7817
7818
7819
7821
7822
7823
7824
7825
7826
7827
7829
7833
7834
7835
7836
7837
7838
7843
7844
7849
7851
7855
7858
7859
7860
7862
7863
7866
7872
7875
7876
7877
7878
7883
7888
7889
7890
7891
7892
7893
7898
7899
7902
7903
7906
7908
7910
7911
7913
7914
7916
7917
7918
7919
7921
7922
7923
7924
7926
7928
7929
7930
7931
7933
7934
7937
7940
7942
7944
7945
7948
7949
7953
7956
7961
7963
7965
7969
7970
7971
7975
7976
7978
7979
7982
7984
7987
7990
7993
7997
7998
8000
8001
8002
8003
8004
8005
8006
8007
8008
8009
8010
8011
8012
8013
8014
8015
8016
8017
8018
8020
8023
8025
8026
8027
8028
8029
8030
8033
8035
8036
8037
8039
8043
8044
8045
8046
8048
8053
8056
8057
8061
8063
8064
8065
8067
8071
8072
8073
8074
8076
8078
8080
8081
8082
8085
8088
8089
8093
8094
8095
8096
8097
8099
8100
8101
8102
8103
8104
8105
8106
8107
8110
8111
8117
8118
8120
8124
8125
8126
8127
8130
8131
8133
8134
8136
8138
8140
8142
8143
8147
8148
8150
8152
8156
8162
8163
8164
8165
8170
8172
8173
8178
8179
8181
8182
8183
8184
8185
8186
8188
8189
8192
8193
8194
8195
8196
8197
8198
8199
8200
8201
8202
8203
8204
8205
8207
8208
8209
8211
8212
8213
8215
8216
8217
8218
8220
8221
8222
8223
8224
8225
8226
8229
8230
8231
8232
8233
8234
8235
8236
8237
8239
8240
8241
8242
8243
8244
8248
8249
8250
8251
8252
8253
8254
8259
8260
8261
8262
8267
8269
8272
8273
8275
8278
8279
8280
8281
8282
8284
8285
8287
8288
8289
8290
8291
8294
8296
8297
8299
8302
8304
8305
8306
8308
8309
8311
8313
8318
8319
8325
8327
8329
8330
8331
8333
8337
8338
8342
8344
8347
8349
8350
8353
8355
8357
8359
8361
8362
8363
8364
8367
8368
8369
8372
8374
8377
8379
8381
8382
8383
8384
8386
8388
8389
8390
8391
8393
8397
8400
8401
8402
8404
8405
8406
8410
8412
8417
8422
8425
8427
8428
8431
8433
8435
8437
8442
8445
8447
8448
8449
8450
8451
8457
8459
8461
8463
8465
8467
8470
8472
8476
8477
8478
8480
8482
8484
8485
8486
8488
8489
8490
8494
8498
8499
8500
8501
8502
8503
8505
8510
8511
8515
8516
8517
8519
8522
8525
8526
8528
8530
8531
8532
8533
8535
8536
8537
8538
8541
8543
8546
8552
8553
8555
8557
8562
8563
8564
8566
8571
8572
8574
8579
8582
8583
8584
8585
8586
8588
8589
8590
8591
8592
8593
8594
8595
8596
8597
8598
8600
8601
8602
8603
8606
8611
8612
8614
8615
8617
8621
8622
8625
8626
8627
8629
8630
8631
8632
8633
8634
8637
8640
8644
8645
8649
8651
8652
8656
8657
8658
8659
8660
8665
8666
8667
8671
8672
8673
8674
8675
8678
8679
8680
8681
8682
8683
8685
8687
8690
8692
8694
8699
8700
8702
8704
8706
8707
8709
8710
8711
8712
8713
8714
8715
8717
8719
8720
8721
8722
8724
8725
8726
8727
8728
8730
8731
8733
8734
8735
8736
8737
8738
8739
8740
8741
8743
8744
8745
8746
8747
8749
8752
8753
8754
8755
8756
8758
8759
8760
8762
8763
8764
8766
8768
8772
8773
8774
8776
8781
8782
8785
8787
8789
8790
8792
8794
8796
8797
8798
8800
8801
8804
8805
8809
8810
8811
8813
8816
8817
8818
8819
8823
8824
8825
8827
8829
8832
8833
8834
8835
8836
8837
8838
8839
8840
8841
8842
8843
8844
8847
8848
8853
8854
8855
8859
8860
8863
8864
8865
8866
8868
8869
8870
8871
8872
8875
8877
8878
8879
8880
8884
8889
8891
8893
8894
8895
8897
8899
8901
8903
8904
8905
8907
8908
8912
8913
8914
8916
8917
8920
8921
8922
8923
8925
8933
8936
8940
8942
8945
8946
8947
8950
8951
8952
8953
8954
8955
8956
8962
8964
8966
8967
8968
8969
8970
8971
8979
8985
8986
8987
8992
8994
8995
8997
8999
9000
9004
9006
9007
9008
9009
9012
9016
9017
9019
9020
9023
9025
9026
9031
9037
9039
9040
9041
9042
9043
9045
9047
9048
9049
9050
9051
9057
9058
9060
9061
9064
9065
9067
9068
9069
9071
9072
9074
9076
9078
9079
9082
9083
9084
9086
9087
9090
9091
9092
9095
9098
9099
9101
9102
9103
9104
9105
9107
9108
9110
9111
9112
9115
9116
9117
9119
9121
9122
9123
9126
9128
9132
9135
9137
9140
9141
9144
9145
9146
9149
9150
9152
9154
9156
9159
9160
9162
9163
9166
9167
9168
9169
9174
9175
9176
9177
9178
9179
9180
9182
9183
9185
9186
9187
9189
9191
9192
9194
9197
9200
9202
9206
9208
9211
9213
9215
9216
9217
9218
9220
9223
9224
9226
9227
9228
9229
9230
9231
9233
9234
9235
9236
9239
9240
9243
9247
9248
9249
9252
9255
9257
9258
9259
9262
9267
9268
9269
9270
9271
9272
9274
9278
9279
9281
9282
9283
9286
9292
9294
9297
9298
9303
9309
9311
9312
9313
9316
9321
9322
9325
9326
9328
9330
9333
9336
9337
9338
9339
9340
9341
9342
9344
9347
9349
9350
9351
9354
9356
9357
9358
9367
9369
9370
9371
9374
9376
9378
9379
9380
9382
9383
9388
9390
9392
9393
9394
9395
9396
9397
9400
9404
9409
9410
9411
9414
9418
9421
9423
9426
9427
9428
9429
9430
9431
9433
9435
9436
9437
9438
9443
9447
9450
9452
9453
9454
9460
9465
9471
9472
9474
9475
9477
9478
9482
9486
9490
9491
9492
9493
9494
9498
9504
9505
9509
9510
9511
9515
9516
9517
9521
9522
9526
9528
9530
9531
9532
9536
9537
9538
9539
9540
9541
9543
9545
9546
9548
9551
9552
9553
9555
9556
9557
9561
9562
9563
9564
9566
9567
9568
9570
9573
9575
9576
9577
9580
9586
9587
9590
9592
9593
9595
9600
9601
9604
9605
9606
9607
9608
9609
9611
9613
9614
9616
9622
9623
9624
9626
9630
9633
9638
9639
9640
9642
9643
9645
9646
9648
9649
9651
9652
9653
9654
9655
9656
9658
9660
9664
9665
9668
9670
9671
9672
9673
9674
9675
9676
9677
9680
9684
9687
9688
9689
9692
9693
9694
9696
9697
9700
9705
9710
9716
9721
9723
9724
9725
9726
9729
9730
9734
9736
9740
9741
9743
9744
9751
9752
9753
9755
9757
9758
9760
9762
9763
9765
9766
9768
9769
9771
9772
9775
9778
9782
9784
9785
9790
9796
9797
9799
9801
9802
9803
9804
9807
9809
9810
9817
9818
9822
9824
9826
9827
9829
9830
9833
9834
9836
9837
9839
9841
9843
9848
9849
9852
9854
9858
9860
9863
9866
9868
9869
9870
9871
9872
9873
9874
9876
9878
9886
9900
9901
9903
9906
9907
9909
9910
9913
9914
9918
9919
9920
9921
9926
9928
9932
9933
9935
9938
9939
9941
9944
9947
9951
9953
9954
9955
9957
9958
9961
9964
9965
9966
9967
9970
9972
9973
9978
9981
9984
9985
9986
9987
9989
9993
9994
9995
9996
9997
9998
9999
